+-----+------------------+-------------+------------+----------+----------+
| PID |       Name       | Arrive Time | Total Time | Run Time | Queue ID |
+-----+------------------+-------------+------------+----------+----------+
|  5  |     HANGING      |      1      |     1      |    1     |    0     |
|  14 |     HANGING      |      3      |     1      |    1     |    0     |
|  20 |     HANGING      |      4      |     1      |    1     |    0     |
|  25 | Random Interrupt |      7      |     4      |    4     |    0     |
|  22 |        t3        |      4      |     2      |    2     |    1     |
|  35 |       t13        |      19     |     2      |    2     |    0     |
|  38 | Random Interrupt |      23     |     3      |    3     |    0     |
|  49 | Random Interrupt |      30     |     4      |    4     |    0     |
|  6  |        t1        |      1      |     4      |    4     |    2     |
|  54 | Random Interrupt |      37     |     5      |    5     |    0     |
|  21 |        t2        |      4      |     3      |    3     |    0     |
|  23 |        t4        |      5      |     5      |    5     |    0     |
|  60 | Random Interrupt |      46     |     1      |    1     |    0     |
|  24 |        t5        |      6      |     5      |    5     |    1     |
|  65 | Random Interrupt |      49     |     5      |    5     |    0     |
|  74 | Random Interrupt |      54     |     2      |    2     |    0     |
|  26 |        t6        |      7      |     2      |    2     |    2     |
|  81 | Random Interrupt |      57     |     4      |    4     |    0     |
|  88 | Random Interrupt |      61     |     3      |    3     |    0     |
|  93 | Random Interrupt |      64     |     3      |    3     |    0     |
|  28 |        t8        |      9      |     2      |    2     |    2     |
| 103 | Random Interrupt |      69     |     2      |    2     |    0     |
| 106 | Random Interrupt |      71     |     2      |    2     |    0     |
|  30 |       t10        |      10     |     4      |    4     |    2     |
|  29 |        t9        |      10     |     5      |    5     |    1     |
|  32 |       t11        |      13     |     4      |    4     |    0     |
|  34 |       t12        |      18     |     2      |    2     |    2     |
| 122 | Random Interrupt |      82     |     5      |    5     |    0     |
| 133 | Random Interrupt |      93     |     2      |    2     |    0     |
| 135 | Random Interrupt |      98     |     3      |    3     |    0     |
| 137 | Random Interrupt |     102     |     4      |    4     |    0     |
| 142 | Random Interrupt |     107     |     1      |    1     |    0     |
| 143 | Random Interrupt |     108     |     4      |    4     |    0     |
| 149 | Random Interrupt |     116     |     5      |    5     |    0     |
|  55 |       t20        |      37     |     2      |    2     |    1     |
| 156 | Random Interrupt |     128     |     2      |    2     |    0     |
| 160 | Random Interrupt |     136     |     3      |    3     |    0     |
| 108 |       t38        |      72     |     2      |    2     |    1     |
| 132 |       t46        |      92     |     3      |    3     |    1     |
| 173 | Random Interrupt |     151     |     1      |    1     |    0     |
| 175 |       t69        |     153     |     2      |    2     |    0     |
| 179 | Random Interrupt |     157     |     3      |    3     |    0     |
| 171 |       t66        |     150     |     3      |    3     |    1     |
|  50 |       t16        |      31     |     5      |    5     |    0     |
| 185 | Random Interrupt |     165     |     5      |    5     |    0     |
|  51 |       t17        |      31     |     3      |    3     |    1     |
|  53 |       t19        |      36     |     4      |    4     |    1     |
| 188 | Random Interrupt |     172     |     1      |    1     |    0     |
|  52 |       t18        |      36     |     5      |    5     |    0     |
|  63 |       t24        |      48     |     5      |    5     |    1     |
|  69 |       t26        |      51     |     4      |    4     |    1     |
|  77 |       t29        |      55     |     5      |    5     |    1     |
|  85 |       t31        |      60     |     3      |    3     |    0     |
| 100 |       t36        |      68     |     5      |    5     |    0     |
| 203 | Random Interrupt |     188     |     3      |    3     |    0     |
| 129 |       t43        |      88     |     3      |    3     |    0     |
| 131 |       t45        |      90     |     4      |    4     |    1     |
| 141 |       t51        |     106     |     3      |    3     |    0     |
| 146 |       t53        |     110     |     5      |    5     |    0     |
| 164 |       t62        |     139     |     3      |    3     |    1     |
| 168 |       t64        |     146     |     5      |    5     |    0     |
| 174 |       t68        |     151     |     5      |    5     |    0     |
| 176 |       t70        |     154     |     3      |    3     |    0     |
| 190 |       t80        |     173     |     2      |    2     |    0     |
| 238 | Random Interrupt |     210     |     1      |    1     |    0     |
| 242 | Random Interrupt |     211     |     2      |    2     |    0     |
| 192 |       t82        |     176     |     3      |    3     |    0     |
| 247 | Random Interrupt |     214     |     5      |    5     |    0     |
| 193 |       t83        |     180     |     2      |    2     |    0     |
| 196 |       t84        |     185     |     5      |    5     |    0     |
| 201 |       t87        |     187     |     4      |    4     |    0     |
| 274 | Random Interrupt |     232     |     5      |    5     |    0     |
| 214 |       t92        |     195     |     3      |    3     |    0     |
| 220 |       t95        |     200     |     3      |    3     |    0     |
| 289 | Random Interrupt |     242     |     1      |    1     |    0     |
| 225 |       t98        |     202     |     3      |    3     |    0     |
| 293 | Random Interrupt |     245     |     4      |    4     |    0     |
| 301 | Random Interrupt |     251     |     1      |    1     |    0     |
| 236 |       t104       |     208     |     5      |    5     |    0     |
| 248 |       t107       |     214     |     2      |    2     |    0     |
| 307 | Random Interrupt |     257     |     1      |    1     |    0     |
| 177 |       t71        |     154     |     3      |    3     |    1     |
| 315 | Random Interrupt |     263     |     3      |    3     |    0     |
| 221 |       t96        |     200     |     2      |    2     |    1     |
| 226 |       t99        |     203     |     2      |    2     |    1     |
| 231 |       t102       |     205     |     3      |    3     |    1     |
| 256 |       t109       |     219     |     3      |    3     |    1     |
| 265 |       t113       |     226     |     3      |    3     |    1     |
| 324 | Random Interrupt |     286     |     3      |    3     |    0     |
| 337 | Random Interrupt |     297     |     3      |    3     |    0     |
| 348 | Random Interrupt |     305     |     2      |    2     |    0     |
|  57 |       t22        |      40     |     2      |    2     |    3     |
| 116 |       t42        |      77     |     2      |    2     |    3     |
| 162 |       t61        |     137     |     2      |    2     |    3     |
| 101 |       t37        |      68     |     2      |    2     |    3     |
| 154 |       t58        |     125     |     2      |    2     |    3     |
| 376 | Random Interrupt |     323     |     2      |    2     |    0     |
| 377 | Random Interrupt |     325     |     5      |    5     |    0     |
| 382 | Random Interrupt |     331     |     4      |    4     |    0     |
| 383 |  USER Interrupt  |     335     |     4      |    4     |    0     |
| 150 |       t56        |     116     |     2      |    2     |    3     |
| 189 |       t79        |     172     |     2      |    2     |    3     |
| 394 |  USER Interrupt  |     344     |     5      |    5     |    0     |
| 401 |  USER Interrupt  |     353     |     6      |    6     |    0     |
|  27 |        t7        |      8      |     3      |    3     |    3     |
|  56 |       t21        |      38     |     2      |    2     |    2     |
| 408 | Random Interrupt |     366     |     1      |    1     |    0     |
|  67 |       t25        |      50     |     5      |    5     |    2     |
| 409 | Random Interrupt |     370     |     1      |    1     |    0     |
| 410 | Random Interrupt |     372     |     4      |    4     |    0     |
|  75 |       t28        |      54     |     4      |    4     |    3     |
|  98 |       t35        |      67     |     3      |    3     |    2     |
| 413 | Random Interrupt |     379     |     3      |    3     |    0     |
| 114 |       t41        |      76     |     2      |    2     |    2     |
| 414 | Random Interrupt |     383     |     4      |    4     |    0     |
| 416 | Random Interrupt |     388     |     5      |    5     |    0     |
| 130 |       t44        |      89     |     5      |    5     |    2     |
| 138 |       t49        |     104     |     2      |    2     |    2     |
| 159 |       t59        |     135     |     2      |    2     |    3     |
| 422 | Random Interrupt |     398     |     1      |    1     |    0     |
| 180 |       t73        |     157     |     2      |    2     |    2     |
| 181 |       t74        |     158     |     3      |    3     |    1     |
| 426 | Random Interrupt |     401     |     3      |    3     |    0     |
| 432 | Random Interrupt |     406     |     1      |    1     |    0     |
| 434 | Random Interrupt |     407     |     1      |    1     |    0     |
| 182 |       t75        |     159     |     5      |    5     |    2     |
| 198 |       t85        |     186     |     4      |    4     |    1     |
| 205 |       t88        |     190     |     4      |    4     |    3     |
| 207 |       t89        |     191     |     4      |    4     |    2     |
| 211 |       t91        |     193     |     4      |    4     |    1     |
| 216 |       t93        |     197     |     2      |    2     |    2     |
| 232 |       t103       |     205     |     4      |    4     |    2     |
| 240 |       t106       |     210     |     3      |    3     |    3     |
| 449 | Random Interrupt |     424     |     4      |    4     |    0     |
| 456 | Random Interrupt |     429     |     3      |    3     |    0     |
| 239 |       t105       |     210     |     5      |    5     |    2     |
| 461 | Random Interrupt |     434     |     3      |    3     |    0     |
| 260 |       t110       |     222     |     3      |    3     |    3     |
| 263 |       t112       |     225     |     5      |    5     |    2     |
| 470 | Random Interrupt |     444     |     1      |    1     |    0     |
| 267 |       t114       |     227     |     4      |    4     |    2     |
| 474 | Random Interrupt |     447     |     4      |    4     |    0     |
+-----+------------------+-------------+------------+----------+----------+